28350.8
82107.9
34936.4
35577.2
45669.9
60585
231634
103553
78656.4
64640.1
82550.2
34664.2
31610.2
56884.8
56194.2
67440
35702.4
121670
38336.3
99502.7
73979.3
142848
36342.9
77149.4
52418.8
129399
40314.1
65038.3
63333.4
61973
33190.2
133679
118129
49371.8
95519.6
27076.3
127185
44606.7
43264.8
23159.5
179411
145415
78849.2
47628.3
32565.7
62985.4
48093.7
28170.7
24415.9
77616.8
47933.6
65813.1
20369.6
107115
42918.9
65753.9
67254.3
48823.9
198701
15484.7
81064.9
17136.4
9124.86
30409.7
27229
10638.2
17848.2
25349.7
12478.8
8886.49
28736.2
10937.1
24905.5
11190.1
8382.47
17340.8
23958
5525.05
70829.6
19029.9
20768.8
8581.78
25375.7
21679
15176.4
34823
24906
11220.5
30585.3
15945.1
15996.4
16497
18728.7
14063.8
19933.7
14022.2
31877.7
22771.7
19464.7
12267.3
34990.4
16837.1
13360.3
22205.6
10951.1
34880.3
15809.5
6927.75
27735.3
17833.7
31181.1
37443.2
16218
39425.5
3093.37
27944.3
22213.9
13724.7
10416.7
10553.2
15497.3
14975.9
26019.9
10060.8
7555.02
8495.46
38594.6
25991.4
13878.6
19768.8
62680.4
11771.3
12232.8
9378.73
18255.1
27479.8
20891.1
35355.1
23907.9
36977.2
46076.7
31558.9
7498.61
37304.9
10314
15234.3
10392.3
8155.32
11090.9
48215.2
13603.2
18663
36995.8
15275.3
10057.2
40950.1
55293.8
14217.9
29892.9
25255.1
16552.4
45676.3
12954.1
46635.8
22899.4
38551
19026.1
20582.1
14647.8
50961.6
21705.9
11739.2
18835.6
29386.8
17316.9
32446.4
7134.28
9329.86
10376.1
10813.3
10763.7
18460
6276.62
14407.9
28332.4
9318.02
22493.6
24984.5
19560.9
15290.4
47156
7667.28
31067.3
31796.3
8778.26
13260
23923
13623
20633.9
49793.4
12405.5
16229.4
28924
13379
44675.1
13785.3
2740.64
31341.3
63196.9
9015
9666.17
27403.8
38634.6
30940.9
9613.49
51374.7
2974.93
7631.72
2624.41
5394.86
4546.61
4801.26
38000
8399.25
10395.1
49120.6
19621.3
21531.7
68233.5
35229.4
19276.2
10774.7
18280.8
46987.4
1718.13
7772.1
15616.8
23121
18674
24083.9
20900.7
23608.6
21837.6
14699.3
22768
1973.37
14879.7
15515.7
15434.2
32145.7
4791.86
19460.5
6758.31
11541.4
17133.5
20843.8
10427.8
14376.1
80894.7
35128.6
11398.6
22950.2
13113.5
23274
5742.79
44779.5
9946.86
30589.7
33036.8
24689.4
13749.9
29282.6
4658.17
21469
27965.6
84763.9
39838.1
10625.7
43141.5
10379.5
25953.2
37491.1
41219.5
9975.03
3046.33
21979.3
51968.3
29298
18125.4
18754.7
16006.4
95636
10541.7
27897.3
13162.5
20631.2
82606.7
45118.9
15352.4
10461.9
27982.2
12551.2
42244.2
26668.4
14585.4
20242.7
27044.1
10214.4
26895.2
11652
9583.94
5735.32
5057.97
3610.29
22924.3
11786.2
23610.5
25593
16962.9
10113.7
70675.3
9957.34
12164.8
24782
18325.4
16541.4
16224.5
8282.86
33492.1
12227.4
24095.6
3931.47
11171.6
12754.3
16092.4
9355.79
20727.7
21597.3
19006.9
22446.5
46194.3
44694.5
36129.6
10780.6
17302.2
36928.7
10713.9
6682.26
16394
15577.7
36138.1
42678.2
38376.5
12176.2
32234.9
36173.1
16626.8
60538.1
32124.4
21956.5
40387.2
26843.5
18137.7
10568.3
11443
21820.9
44989.1
50093
16969.8
32383.2
38488.5
109820
24205.7
36057.4
28685.1
101013
3404.28
42975.3
30848.7
17979.8
36818
15236.5
21531.1
51678.4
16958.7
20079.3
42782.6
26579.4
112681
22739.9
40084.1
29185.3
38676.8
94340.9
10484.6
20590
55040.6
68305.2
98740.5
24345.1
24785.3
161949
23256.3
136278
32816.7
40727.4
20171.7
214955
94947.6
19960.9
73337.3
23244.7
37203.9
11818.3
35428.3
53714.1
48864.6
44560.8
386942
20869.5
48315.4
12415.6
44197.6
21670.9
79557.1
22509
61726.7
37604.3
29157.6
49728.1
23978.9
48864.5
133616
13671.9
13834
26176.8
44273.9
66469
48132.7
26954.9
37713.8
57209.4
17855.5
38138.6
95902.5
19962.9
75623.2
46911.7
18179.2
23308.5
80309.9
34434.3
62896
53678.1
42240.5
26743.2
34794.1
20198.3
68868
53742.4
31575.3
124222
11852.6
68301.3
78640.3
70021.4
26939.2
30431.5
56114.4
59364.2
36955.7
9017.07
15081.5
26777.1
23506.9
64646.4
30549.3
52993
25811.1
27291.9
13881.6
25837.8
81938.8
68763.7
16512.3
35044.1
32061.6
15131.3
138470
49859.3
37909
9598.82
14401
17888.4
65654
41338.5
14303.5
30268.2
23880.6
16574.3
6883.01
12503.8
19113.6
30181.5
18500.6
24507
10505.4
18437.7
9009.02
28996.1
7186.06
17257.1
13634.8
2168.34
897.347
3550.38
764.344
2707.14
1302.72
4061.27
966.882
788.069
2619.88
14.3228
3375.95
1570.16
4391.34
3796.37
6178.35
303.158
3063.14
3981.84
4857.29
6947.7
1651.32
1494
2384.11
7139.24
350.082
2683.93
9746.39
475.197
7207.84
1681.65
324.599
1990.59
2824.83
2270.7
2449.36
1468.91
751.118
868.237
334.016
546.691
197.275
445.413
348.54
960.313
368.412
2033.69
565.835
298.781
514.345
575.958
363.926
1775.43
841.993
161.555
1036.79
2203.04
1398.2
649.547
761.646
896.526
3985.79
1323.46
1944.06
516.709
801.73
2221.68
1064.6
527.152
760.865
1077.61
1229.54
423.105
2717.1
727.508
220.79
1553.94
3257.34
3347.95
234.262
4426.73
481.164
0.092186
1468.97
428.418
1097.12
393.2
109.494
958.721
668.939
1296.02
518.036
3593.55
779.754
585.375
3993.1
428.196
2359.34
316.293
1153.71
1538.37
2113.13
1768.07
2779.4
435.073
412.228
956.278
1125.56
225.553
618.184
287.8
537.04
2485.5
428.75
12000.2
1222.14
4293.43
961.091
595.76
557.097
1358.17
1891.56
867.764
239.889
757.708
711.043
342.814
17398.1
2195.27
323.156
359.943
723.822
6284.18
2658.77
670.002
322.122
263.823
436.115
788.479
4081.65
913.286
2947.23
275.449
5458.9
157.776
373.992
359.688
290.161
447.027
1282.19
231.544
961.181
6156.85
25.8521
487.11
461.826
838.681
206.268
477.958
191.08
197.61
179.935
1532.75
645.271
721.931
363.261
162.931
832.009
714.203
2297.81
4024.14
417.997
562.041
1092.78
18170.9
7008.35
4597.47
5724.11
6314.7
6993.04
6394.66
8930.29
5468.63
9156.39
14705.4
7621.43
6338.83
4122.68
5579.87
7366.9
16693
9839.92
10855.9
15446.1
9184.2
4627.1
8783.29
10989
18858.2
3320.99
13090.4
20296.4
1350.52
4418.58
9023.49
2127.85
25018
1602.48
2885.44
9779.47
29538
5068.61
10964.4
2538.34
21514
7949.59
16486.1
9590.69
6803.06
8344.37
5119.18
12188.6
17618.7
569.742
6699.18
5815.96
3759.47
19602.8
6085.35
7073.22
5894
328.525
2487.18
8276.93
5808.78
10681.7
18570.1
40322.1
6214.96
6719.06
28100
13307.6
9038.02
24967.6
4829.2
14005.6
5121.11
4130.45
8531.2
12626.1
3355.55
22551.4
9178.35
4251.17
12398.1
12261.2
14672
12155.2
5658.78
6793.66
6248.88
5383.24
5387.99
14805.3
27425.2
7405.08
374.204
11474.2
9809.48
18985.7
4809.66
6818.82
14553.9
9577.01
10529.3
8230.62
13428.1
14616.5
29573.6
3721.1
5453
15088
2016.64
15646.7
5808.12
12962.5
20664.5
9113.71
8281.15
14911.4
16976.2
8949.78
12063.7
18837.9
1437.86
4246.22
4855.05
8269.56
15731.4
2610.53
4211.9
1377.19
6048.28
11833.1
8637.4
11702.9
7621.27
8553.7
4907.96
5877.89
3016.79
13789.2
935.825
12560.9
6980.29
19731.9
33635.2
15289.8
8733.65
4362.56
2908.93
7464.13
2480.03
8370.97
15659.6
1772.15
12489.5
813.546
3992.13
14021.6
2314.7
3113.61
9007.83
5423.64
6664.61
5966.54
12690.1
10146.4
17908.7
8793.31
12702.8
8497.25
4498
6347.49
8116.05
6463.58
6750.46
6606.19
6178.78
2865.88
2251.78
8209.21
8661.85
11480.3
19938
6716.32
3646.24
11127.7
20138.5
3387.48
7775.16
3750.58
3230.51
17241.6
14692.3
1714.05
17556.9
7724.6
7202.94
3278.22
6171.25
7027.85
1003.95
3827.94
11032.5
7957.23
45577.2
4133.04
7844.06
11319.3
5204.04
454.451
7353.26
2670.3
13288.4
7222.3
8204.94
7323.59
3299.27
4644.42
9945.58
4419.77
4888.29
5419.16
13343.6
15594.8
6609
4105.45
2320.79
5375.54
1047.95
22523.5
9181.23
6804.82
4923.09
543.44
1408.61
20722.5
5595.81
3127.52
5783.66
506.919
1144.23
5219.47
3963.02
308.421
841.23
3852.26
11240.1
1095.45
8453.83
3363.33
190.204
3335.37
1624.92
464.26
1383.21
731.173
8158.29
23762.7
12934.9
19537
8406.31
20661
39934.5
9226.91
1232.3
10359.2
1629.34
970.222
2688.3
1858.02
2685.92
9621.85
181.047
172.553
1162.59
932.994
36135.5
10366.7
142.366
681.541
22.1054
1039.75
454.949
7119.15
4127.78
509.901
9022.28
1318.02
1529.07
174.089
1770.99
716.657
1318.36
6451.12
1302.85
1280.42
1139.69
860.838
684.293
2941.19
102624
767.365
813.268
2245.33
210.28
737.079
18600.1
713.428
699.021
2002.04
320.593
747.24
4068.61
22.3681
4546.09
2332.06
8872.61
255.51
1458.96
6255.64
658.771
613.119
334.975
1712.37
814.914
186.625
10.9093
889.581
1170.93
13320.4
1967.62
2988.6
1180.31
2621.7
4603.98
45.2412
3400.79
602.82
1764.85
705.265
134.81
620.962
227.138
3914.23
791.579
436.81
2488.75
967.983
244.146
933.883
106.071
4021.42
3863.03
