13221.8986244029
49703.6099957158
16209.5474201635
33906.1812957742
48328.3249413709
250129.044611088
1838073.55565263
277591.265481372
44265.2124016949
43543.8813937654
49865.6907068461
19718.942546351
26070.8486529594
28286.3764057005
71761.5456222966
33299.17655008
33949.9608444979
65384.3974944231
17855.0852913814
50452.4053168486
127878.312469148
74701.5283950747
32551.079692105
254816.717248447
39480.6898408182
101611.356712897
18847.3306288216
96847.2688034272
32562.0827510672
31629.7153044569
15392.6520560656
249629.447091931
62446.010920472
25390.7052917521
254520.707487091
20695.7937245605
1644533.2523768
46309.6490996438
20377.5894123123
16634.722309536
92130.7093023255
96278.037094291
147382.012635906
52206.211289585
27304.2716811321
90548.7966204764
53158.7529150752
66646.4966319252
17882.7336862275
142266.058632149
22927.0766606725
99302.1206498227
14034.6987310886
59343.2211863201
22830.9335712701
252436.063110801
117390.333613701
239995.412770607
101949.410011444
12411.9778126191
255056.418223013
8297.51542249093
11297.8117060509
116299.400506023
14782.2982606157
12060.9716599125
10094.1654742983
74132.9848589476
6078.99785521673
3860.13762298158
19751.239858655
12668.0860224981
13551.5045996428
13197.9219970673
3592.41538202062
9864.06782620945
17365.1680569026
2256.31450832771
49599.3703565588
10638.757636373
10571.1454595415
4094.53573891414
13787.8949967058
11906.2731087032
8906.04195635246
22572.8724229746
13541.3894173589
5233.50294846061
16671.7179635809
8772.28644994969
7647.25528428774
9254.34030973811
11360.9864763982
13903.5695584653
16273.2498318069
6590.10404485791
29782.1404727238
11960.6144372302
9718.9060202871
15621.4985124125
19329.5929538246
9558.97842268718
18374.0403622956
54186.1335927423
5067.08860559497
49197.5707339516
7543.44280649617
5333.69381629354
15844.3660293806
33168.3610153191
28509.1064806271
25446.1402337704
27120.4878374958
51015.2046955376
2164.68045105501
23068.5407097369
11563.6902278599
19361.0639598939
4737.29754720599
4933.7277368828
9045.79493746798
7961.93178370179
14429.1137227679
4524.46215932687
5634.76859218167
3651.53835005015
44100.1419329065
14406.195673516
19788.6605191083
12432.1220571824
157334.382086804
7458.41826865892
15539.3820431256
4425.99314602128
10892.3009392911
90269.7653369988
10653.132687882
36715.6616452254
13024.6954054299
40296.7372919257
26959.4001265965
29194.8599964455
3147.24469879589
23447.6388190719
11424.7455948034
8931.16959579082
11576.3301016935
5910.59542017573
5155.38583537702
32958.0714124301
6890.93290049506
10468.3567366678
23307.618273176
8207.34670092996
10937.1537636207
25138.2005652648
32521.7402710255
6691.08008795839
25740.2398754558
13724.413107711
9303.53234596826
26659.224170535
17315.0820514143
53808.4623020129
12512.6440278147
21629.6339392624
10637.0020085128
45531.7200774577
22024.0743341577
852754.492661652
11208.9383769151
5576.18760114732
9322.36822902813
46808.3600030669
9853.28476458016
137233.513772863
6311.34627421815
9631.11896982021
11544.8060957805
7056.61261613915
12313.3976165352
10374.5872554578
3177.21917981366
6789.90151904057
46306.7822876034
4097.59031500667
11761.7646272373
13582.4230413095
21895.7431039536
8955.57532268736
28187.4119272181
7036.78173030567
16952.7795859559
19519.6479394009
3801.78099465769
6636.97551644441
17319.5568284102
6905.78079424672
13368.0683944655
33640.5834863568
7724.5621709437
37811.2277245504
24635.1821538119
6724.45309051548
53051.3962824935
19528.7435717962
1890.36121820296
17113.5476688372
39864.8098049455
3930.04971338791
10221.3772664743
15564.6191627181
21685.3257675314
20666.8611835914
4525.56016158172
857119.744401551
1251.21992174274
6986.85836184841
1802.03947034656
4511.0521417794
1858.79697426006
2590.65672759781
26085.3611517755
4019.93759831795
11581.7316116218
54770.8460639811
12276.6087768374
122007.232567825
46814.8072935755
22517.396075334
10753.8607931466
4956.82196475702
8980.35277117415
27649.2861294895
1141.8955362388
7185.24293219516
14562.5773689783
16296.7182043795
9221.99889315185
17886.8977864682
11527.0261505618
12871.7088797003
11984.2469197241
7738.92381246347
12446.6557472407
1323.34011532909
8777.40970030054
20102.0086158351
8339.39248349978
17589.9820404066
3652.01232050746
10840.3274325637
5828.36625074754
5380.73166984944
8295.87549762779
11499.5076307015
11645.4234895791
8560.47422184495
158709.808383742
22896.7341556708
13645.4629221837
12538.2060773542
8022.93859680608
12701.6824637922
2967.68496228455
34726.4220887867
10731.9042495051
16674.2919539047
31984.343289507
13385.0799820411
19430.5829543974
17189.6921126809
3523.28373001744
14311.338031181
94268.38935623
294617.022537316
51176.6808093287
4965.87894928795
26190.0716612943
11551.5030004771
20089.1097890066
20930.5237226996
30056.583123258
10784.0408321545
2127.5233799663
14907.5687859279
45784.059370817
17203.3604251551
10766.0875892033
37008.0201422383
9269.08568924346
159964.235441495
4928.6486739469
22995.1462648081
6565.8349031813
10479.2942794907
63607.5686143814
26244.5235434571
7292.91507219059
4764.7152346982
15196.2857636447
5857.51338164791
25756.102548603
14954.8168293371
6882.90339445727
11210.9127294717
86785.4465565594
11233.9766481658
21465.3548034072
12768.7398488882
4512.97913419808
4626.82214616885
2063.57892087091
1495.45378229864
17433.4444357444
5494.37936610831
16916.3393923574
75864.3131898706
8196.65692655064
4740.84787691316
41803.4763915324
10751.2710424895
5862.53458059312
13476.650397549
9007.57246281684
9293.73461476716
9014.43299490712
7936.8818071108
18402.6426869505
5905.36303866377
17891.4998143201
2221.01872920626
5206.78808571568
13309.4734987781
9307.00439902344
9675.80874295993
41834.5376226206
11133.8907513582
38111.1045393886
12285.9185568491
36740.8724073868
53058.8912878464
38396.8466229636
5034.91527101876
9846.63613572292
50027.4671243378
12267.875793728
5733.46904056094
9440.45333928654
7415.81578002792
23987.5533573408
25965.4466791035
26523.4292851174
5678.00468776969
17643.225569724
49723.8404279568
8003.20351401571
38568.5751481476
17577.3155683908
12042.9102938995
22870.3934476851
14572.5832976485
10777.9930748773
4829.61299948289
8774.68693733259
11558.4421303145
27840.8378341805
59942.8309467726
8958.90202760003
40962.7774457398
22523.8816686926
129006.039601397
12921.7434258928
20996.8112892349
15654.6979818807
188527.572343329
2260.76722012051
57512.8271123302
17061.2936371027
15901.4986016364
21260.1443618961
12657.1969608317
20734.640284147
29905.1156869487
14647.229252277
18666.7740604719
25962.6204606259
29024.618315761
189977.346517749
12076.6173661795
165976.585601456
34041.7090140081
57324.2418773695
63881.1206713323
5751.99490428808
10877.8211065194
37433.6789221133
44950.1364959655
76783.2227146984
25134.8237926523
24669.040316976
155755.280668792
23368.7116238703
1124910.83246074
41969.6648450249
31901.1106613671
13273.5831795232
208130.83271533
187773.906302004
10535.7289330957
59898.6860066391
23350.2349975648
53147.2337160228
9130.82439455465
29547.8757880653
36065.2270980157
92811.1240193119
76340.8376643694
466968.207024731
13598.2277698387
27851.1024292995
9709.58655653242
83906.8351029661
11474.6850111202
69742.2996186076
22203.4226516947
156890.299799023
30513.4038295653
51497.0069528632
85703.9120819159
12789.4707565828
92810.3819651062
84672.6645167942
10977.0697364797
11145.7674611512
28296.4686778996
57971.5916683375
44020.9738613612
30653.5841573005
29714.8422014979
30561.9795378062
131668.683879578
15745.8051428045
22255.7978356412
60119.3299381713
10536.7967956891
48750.105944348
34681.1479474397
16153.1593070623
23451.4317582318
70006.5152709883
19525.3919029826
42240.1944812289
36028.6242129077
25512.9783030931
25608.776610228
20342.0024084261
22290.3410317943
203357.177448784
36094.0988397227
39131.0822819835
78134.6962167032
9163.607419115
44948.1310333636
50362.7481635412
211660.654042247
16450.9063197662
18145.4302118473
178959.637890304
180397.23243151
21362.7833345744
6602.62640771695
12485.5492550541
14461.9662438951
23767.861851111
43108.1131623685
149273.839434845
35334.9090587313
27645.6483028895
30343.6268325119
11195.5428656636
25178.1836389301
93781.6380694
41646.8635517567
14116.5808131607
79777.9358816901
17875.8321096046
10894.0672577565
88160.2948607248
28784.247456961
55119.1044761962
7104.04824441614
7661.98042928143
9434.8647975465
43611.5963931819
24774.8922390849
10488.5851125161
36287.8557036528
12732.269189956
11587.0154873252
4855.71621369167
9796.29426756728
17362.7410602814
27197.9696694773
9756.04673301895
13098.3141241936
7909.33900556741
16482.8507914768
7614.23757783825
17442.7422876676
5095.5844707864
9107.01963935449
7283.3929704521
2123.72489818153
758.687370200687
1906.18911052284
635.956739990263
2825.48234810584
1154.44617610036
2465.68402301933
824.207338520626
351.484634094431
2706.22628712038
9.8965006105741
1792.64003967728
1434.81415435806
2664.34616399913
4515.16300990195
3938.56832152582
235.62367073352
1595.08756936054
4842.78201277833
2949.26960916135
12005.6906702685
1524.6184095451
1353.32416522308
2394.98749777425
5591.57978282127
274.569522555676
2465.28462827367
7284.32351322536
380.436068249885
12832.0303023836
806.468051713644
253.365615445629
1909.59638879036
1449.64514732304
2250.82534319025
2479.53840802787
1326.7763066212
623.935617721219
731.536904852917
261.186578166745
302.482264043557
149.451739554653
354.974610772665
273.283165262138
817.976535511376
289.898384613974
1889.59505044377
458.90374320582
232.013690504578
414.146590084268
467.759577193438
286.140754092152
1661.22699321054
707.199237283902
121.008054368045
891.040593747809
2166.49348666888
1252.70390428707
532.690357023093
338.420738651967
757.91878154719
2200.5885035964
620.410676493869
1854.89683389537
416.190895600516
670.11664764558
2189.60494222307
917.897137936009
425.234776288488
632.791552957898
930.520890092718
1080.47975195681
336.009420250734
2493.23413485615
602.555436705752
168.364740095499
1417.34466164406
1716.82403660136
3772.62518019262
179.261929523906
2685.79553127298
385.556467925166
0.0853600148697131
1326.83434470925
340.517564142164
949.512033444114
310.728461698344
80.3012877838682
816.468330333588
549.964749554727
1147.62806068464
417.338692803712
1934.67598876107
650.004842334438
476.013777834387
4863.06838448285
175.133134543388
2363.19627452399
246.481633853187
1005.03312313873
1400.63574572001
1039.47278616576
1652.93039161253
1422.40143302556
178.459467618722
326.794637304158
814.154333051628
977.3316178835
79.353695151174
504.897264467579
222.972659187837
433.81518196296
2526.88837729411
340.79994520677
35573.0000107528
568.789660604823
5421.48422086884
818.714473016917
485.135443018023
237.849503925097
1211.2646302169
1793.84209565178
390.986343768895
85.8931901663202
629.921072167644
313.447093912014
268.509250129838
83891.1493977912
1085.08154909111
252.169038922908
282.807946114541
575.746869405198
10055.2732427926
1350.79125704478
550.913377796306
124.292013209323
203.319285720046
347.059186719518
351.687464931399
3550.20052176036
413.620436901702
3165.34893109833
212.833788431652
3326.5657608775
118.020513265803
294.576860063963
142.178345714836
224.914056047805
356.350384854155
1133.57700542728
177.059659675046
437.493541673579
3779.86711466395
17.9522152127974
390.665271463024
368.985992576087
704.136821612802
70.6580250168085
382.804850211719
144.49314768198
149.720184668871
135.598373277578
1394.62425303391
528.890614623155
573.805327639913
285.584193445936
122.096755249284
697.974892377351
590.553034449778
2284.97077162728
4919.24387993852
170.20502006647
455.589468571964
945.279753491302
13734.7809368587
5983.02549043109
2247.32790615952
4620.33459478031
4096.22809773973
5965.85570081045
5312.83067307109
8330.60859465491
4366.8520900078
8788.16814736789
18183.89817628
6689.47028851064
5253.62403997553
2019.26082574975
4476.54523629781
6391.56220074514
9453.66069526392
4971.39351388559
11108.7678183065
19809.1864363889
4600.93403124031
3569.68557635952
8136.83161072679
5645.44852205712
10684.9253071141
2435.79239985928
11091.2752558992
32930.2062432508
916.286136882046
3380.64515708676
5475.45127546161
1518.72563908781
16952.3453664771
1099.99305700443
1423.55148282311
4936.81551230132
22050.0545894516
3980.88932228736
6445.14126916315
1808.11285564941
15441.2252237503
3929.70137925093
9339.06812595754
9232.27022490781
5754.82215155471
5135.70175666238
2499.41507682547
13313.2040097043
10225.5208318367
366.762515335159
4297.70958223557
2840.21156927419
2803.57238117183
11848.880570971
2973.60953196652
6055.99324989494
2878.75201336114
204.755949257469
1768.27637553085
4104.46055754495
4705.5781915448
5462.0400413583
62394.6289312854
33724.9582469882
5123.28054346509
4308.04962504092
20339.519284913
7639.20643264526
4519.70033692203
17231.9285168428
3756.035139259
8003.46610535918
4030.79493774659
3124.64329440993
5229.3590893885
7287.73060070916
2464.34309515488
40680.6462201998
8663.27939820092
2080.90534551157
10712.3256401593
7101.12381377907
11933.3075081615
7047.09645802511
4554.98292636313
5744.47133085248
5158.83922143953
5900.66610404468
5905.04959865414
18397.7647689832
19565.8642906352
3643.84092889782
234.994044892075
6701.83593103305
5867.48682856349
14149.942997741
3737.88393013104
5772.19262216849
17862.5179951142
9213.05972661638
6227.0165285112
8167.59251489225
15590.5796330862
7997.99275740489
17771.0741315299
1826.65470218868
4351.52935037785
8577.99481927507
1408.11668103559
8879.421745316
4704.90702159308
14708.3123405638
34118.4369991247
8575.89793484622
7493.24503282962
18626.7529826128
13124.6753252727
8356.4908400277
13096.2227590899
28502.5483910463
979.714894843439
2078.53173454372
3780.09825319973
7478.72045949637
20460.0091809659
1864.57475738846
2062.06163306354
935.698852785798
4950.09666944477
12701.2237103725
7946.93995988602
12481.5568348312
6689.27643759882
5240.62637722203
3829.51112355631
4775.62068527675
2187.64008176936
7890.04949860317
620.580402817916
6621.62519275583
3424.79839085745
14530.1688829162
27411.423215116
19458.5349395892
8071.94759686586
3330.40264691118
2100.95909683812
6504.58234538381
1762.71803837203
7606.30332500295
12447.4646058922
870.269038688485
13845.3074127361
534.950253151734
3003.83317599897
7587.69635584744
1634.95463189237
2266.01957719023
8433.82790998059
2647.64457209455
5603.21620337799
4866.0726000577
10873.1006883718
5148.02166630653
10455.1082321592
4384.79754084056
14230.465908989
7766.7751662166
3452.26047954327
6743.13740874265
4018.29260605907
5386.31656194927
4324.36899512392
5539.78671820245
5085.48200955536
1414.03562238503
2440.63893787087
7403.32389547667
4312.87716657594
5943.72867030373
31801.1324265691
3290.33151920743
2707.41541228683
6527.21972988801
11441.9961933993
2490.782784713
7845.27454140782
2795.99048955827
2361.4038293621
13260.4905586021
18155.7857506453
840.552843138588
24966.8789902672
3810.86573170835
6203.14687858354
2400.57041854548
5077.62574641349
6004.9094497005
469.325028271149
2862.13207640237
11386.9738512985
4940.96884194522
84550.5946161719
2870.02600637659
4883.83224307778
11847.8354593238
5733.72882407812
288.659572159138
6375.7828078959
1913.29358186129
7629.2266201173
4567.65895912509
4065.83004147263
6341.52796109458
2417.89085449148
3585.53907183399
9738.39693647593
2161.86792594659
2387.59022960896
2645.45680407474
7132.06895685365
8694.70200259479
6956.83345430387
2010.99220600401
1146.3225527014
4275.8642620849
699.764155643065
14473.6289742704
4599.27827502428
3335.28247731644
2404.41568360359
348.852429301472
958.474418974136
34308.0914632723
4492.34895923464
2277.33298859606
2824.2844792363
324.070363751171
768.241053905358
4124.91116182371
1942.69145195489
237.731946815445
698.535837514609
5739.8580699267
13845.5272601629
942.018955994329
30587.2554758865
4504.04941741668
142.644504858227
4439.38284608423
1521.83077968605
366.953599232046
1243.30843996853
598.549009134563
4908.84722613989
23178.6427912991
8384.05333066593
20815.0792868545
5064.88326196335
21430.844469036
52744.3584953125
15138.0047832072
1081.54737533039
50503.7909331314
1329.46904266168
819.72317759489
3109.91072796048
1815.94163437879
1979.56421387427
7063.84268976568
135.409766157529
128.718461999908
496.392923240744
784.273519344349
43213.0197882509
6390.87117760999
40.4234793347892
685.478996786831
15.3685594665631
887.021871409721
359.117168522182
13549.0994792989
2269.07351999514
405.588081984947
6765.49849891078
1172.3547021806
1408.34804150218
129.926901022737
2314.04284013665
585.576275880458
564.931450583124
16362.3370427951
1156.08597486155
1132.18336773249
486.370029590712
716.666752101366
556.820397989817
3592.64809627882
497076.475566816
631.107406184619
343.311259055714
1007.81712068807
158.581993471615
410.093343720995
20308.1147146745
582.696141861525
386.577790423651
2011.49399830712
247.675853785697
612.965113389722
2673.21696086028
15.55198938923
2633.66722719474
2503.43660844715
5365.29448743823
194.821650989887
1327.89668575424
4486.81632415553
534.305393368262
494.371184998374
259.457935010381
1629.07132258582
674.357355880274
139.814561788203
7.63303558837902
376.927473350704
1018.17840961882
8709.06604552501
1047.27619444509
1437.24019098959
1027.77679159537
1347.31895389218
4623.80511918575
31.8245497829609
1722.84537686845
485.419878765436
1695.18440286125
575.427674744612
99.2494254998876
501.201582722812
172.037283700589
2095.61116863575
333.717179475374
343.892849288633
2760.02694937301
817.579270561092
185.675734432478
785.115636837701
77.1541033959216
2181.63029290052
2572.60431548751
