23328.9
81895.6
31175.7
25290.9
51224.3
41577
560144
174425
97761.7
58940
82495.1
27168.9
30069.7
61415.8
69688.5
68232.5
25417.5
138668
35447.6
115693
105330
171778
36722.8
58348.9
43905.7
203868
38001
86768.2
71526
69346.4
29039.4
127478
146712
44579
79044.4
24145.5
98237.4
49480.1
41904.3
19379.7
233855
162447
115939
54497
31374.2
82684.9
55286
16572.7
20873
113223
48313.6
88327.2
16184.6
117042
36698.3
46599.1
52304
30929.7
269185
8785.81
62587.9
15330.5
5414.2
62018
26876.6
10782.5
14565.5
46190.3
11457.3
6846.77
26114.9
11289
26880.3
11726.4
6282.43
13973.4
32815.6
3473.43
114132
15976.3
20411.1
5686.01
24251.2
19292.2
11544.4
45288.4
23600.5
8287.18
31862.5
16879
13852.5
17828.6
21901.7
9484.4
15432.2
11426.8
52488.5
23452.7
18522.3
13673.2
38857.2
18425.4
15784.7
37129.9
9370.52
30100.5
13615.6
4021.8
31721.9
25718.5
50625
50801.9
21906.4
35935.1
1723.77
42289
22588.5
16518.1
8684.59
7594.91
11894.2
15268.3
28747
8240.41
4481.17
6407.16
71588.7
28698.4
16832.1
23923.9
63188.6
8074.36
13608.7
6432.33
21006.4
52679.3
20591.9
62131.1
22237.3
66812.2
58723.6
51632.7
5342.04
38043.8
10245.2
11607.2
10373.8
4939.83
9553.69
51784.2
13112.2
15533.7
37590.9
15758
9829.05
43504.5
67102.5
11659.6
26020.9
24083.6
17925.2
57950.1
14984.3
45818.1
20887.7
44885.3
15971.7
32718.7
18439.3
42064.3
21813
10423.8
17637.2
23531.5
13945.7
68767.6
5678.41
8694.65
10347.1
7184.68
10993.8
15290.5
3738.35
11887.2
22337.8
7346.1
23020.2
23708.8
14214.7
11668.2
53302.4
6353.85
32603
39248.4
6723.87
12596.4
32736.4
13142.3
25663.8
54222.6
8685.21
10457
44754.4
12774.3
43061.4
16641.5
1475.46
33026.6
76171.4
6993.91
9210.92
31137.3
45030.9
29055.4
6658.86
42548.2
1568.44
6307.66
1397.13
2986.46
2671
2671.26
52006.7
5520.13
10378.4
49379.7
23632.3
14183.6
107664
35034.2
16275.8
9141.5
16870.5
60498.3
846.401
6490.97
10949.3
30947.3
17412.5
20240
18296.7
21833.9
19497.2
14821.9
20713.9
990.692
11224.2
10353.1
16020.8
34281.7
3137.86
16501.1
5223.86
8627.94
15326.8
18224.6
10432.3
10688.2
91202.9
45918
12092.5
20955
9387.08
21385.7
3335.32
67560.2
9652.68
31869.3
55640.7
26524.4
16569.3
34510.2
3013.58
27392
54195.5
240558
36480.9
7669.02
46892.6
10352.8
37441.5
43055.9
41365.1
9697.55
1689.74
28471.3
85700
34538.3
20764.3
27995.1
12456.7
115579
7583.21
42172.1
12451.7
20208.4
145174
56880.2
13042.5
8741.73
27969.5
9732.62
45495.8
29857.1
12101.3
17468.8
51330.3
10082.9
39707.2
7380.7
6630.19
4078.06
3079.7
1985.53
18852.4
8891.18
32034.5
46917.9
15102
7151.34
96173.3
9669.35
11013.2
23429.7
16931.6
17905.9
17356.8
7179.31
36420.7
11101.2
20254.2
2112.11
9660.22
8315.51
12552.6
8733.95
14455.6
21648.5
28630.8
20290.7
71002.5
43088.4
64352
7828.27
13928.6
32688.5
6621.55
5134.12
12891.1
13323.8
48023.3
46169.8
52827.8
9316.67
34422
31725.6
14663
71642.1
34248.4
19651.4
48124.7
26322.9
20787.1
8876.88
9913.8
22232
62922.3
51534.2
15603
45460.4
50011.7
240699
25734.3
39483.3
32737.6
120514
1921.11
41423.9
36319.8
18931.1
46879.4
14908.6
24640.4
64948.9
17394.2
22238.3
58413
33712.4
140311
23562.9
32529.9
38819
59654.4
152987
7931.02
20486.1
85035.5
86860.5
131499
29561.3
21073.7
340220
27616.2
391653
46391.4
42621.9
17460.3
332575
110482
19610.3
131175
27595.6
56205.7
10377.8
35016.4
81975.2
85416.6
74146.2
663320
18322
59168.7
11130.2
40391.8
22017
98224.2
26311
122018
38094.8
23868
47798.3
25394.5
85416.1
219660
12767.5
12984.1
32948.7
43222.3
83704.2
69566.3
34430.8
38251.4
108702
18741.6
49349.1
137989
19613
99735.1
51918.5
19236.7
27708.2
99492.7
42543.6
77646.4
81893
57324.9
23477.5
37577.3
15792.1
143982
82040.1
43744.7
198039
10420.5
86853.7
105183
147628
26280.8
31180.2
52231.4
56597.4
47134.7
7085.22
14691.6
29686.7
28059.2
80600.2
22474.9
80329.3
32261
35080.8
13048
22355.6
96960.6
96936.5
16737
29078.1
38384.9
11642.2
231149
61801.7
57847.3
7735.59
12381.8
16805.6
82312.5
55532
10763.7
41022.7
25247.5
13228.9
4866.01
11242.7
20692.5
27887.3
17621.1
26187.9
8784.83
19635.6
5768.38
29141.2
5164.16
15976.4
11464.1
2947.81
708.598
4887.96
556.84
4269.98
1272.85
4392.6
794.595
503.644
4042.9
13.3679
4497.52
1725.36
4959.28
7472.53
12231.7
161.385
3832.5
8078.64
5810.61
19570.4
1117.39
1590.25
3453.9
8724.12
192.369
2110.21
14198.7
285.179
20709.9
1479.51
175.284
2555.88
3357.16
3183.84
3613.22
1546.82
542.67
673.949
181.526
313.683
99.0843
261.736
191.318
786.276
205.037
1457.98
361.73
158.601
317.28
370.767
201.907
2113.35
643.399
80.4285
885.615
3026.99
1427.32
439.411
481.539
707.609
5921.18
1035.31
2457.17
319.265
597.801
3069.88
923.082
328.1
553.097
940.864
1159.91
244.731
2145.84
517.787
112.012
1696.17
4239.97
6076.45
119.652
5021.86
289.978
0.798206
1546.92
248.737
967.816
222.676
55.3137
784.267
458.363
1262.31
320.382
4986.71
573.562
379.262
8115.95
236.542
3394.16
169.848
1047.96
1668.37
2107.43
2098.84
3269.7
240.951
236.61
781.187
1007.72
119.106
409.522
151.695
336.56
3702.7
248.989
44324.3
922.491
9132.16
787.26
388.729
323.733
1361.58
2347.77
572.679
126.616
549.71
440.301
187.434
75238.2
2238.27
174.335
199.144
434.351
16748
3042.46
459.412
172.044
137.012
254.591
503.99
3797.21
613.704
4918.96
144.064
6996.96
78.5232
208.957
194.129
153.17
262.985
1240.68
118.097
658.115
8492.56
18.8388
294.793
274.551
639.589
109.193
287.396
95.7643
99.2649
89.8807
1658.39
435.281
433.175
201.445
81.1254
631.948
504
3247.6
8219.12
230.054
358.368
961.789
18276.8
7178.4
3328.96
5255.63
4553.68
7153.97
6227.68
10519.6
4903.88
6944.32
23463
8185.26
6144.07
2862.98
5055.77
7760.39
18126.5
10035.6
14384.5
25391.5
9046.95
3818.88
10245.2
11868.3
21686.9
2362.73
11471.6
39232.2
723.097
3567.67
7492.41
1167.34
43283.3
889.503
1774.01
9942.73
56252.1
4373.98
9881.89
1626.91
23239.7
7299.62
17798.9
11789.2
6853.94
6709.62
3869.89
17336.3
24797.4
274.386
4939.58
4637.9
2820.24
29377
4948.47
7282.26
4727.1
163.429
1582.5
7748.28
5374.48
11365.9
14927.6
50952.4
5960.29
4959.83
52005.4
13045.6
8832.25
28743.1
4069.08
14044.3
4442.06
3232.18
6922.08
12095.1
2397.63
46290
10989.4
2986.55
10622
11596.4
13486.8
11452.8
5164.69
6839.24
6010.38
3420.77
3424.61
23720
50050.1
6576.84
183.508
10545
8433.63
19452.8
4044.6
6878.62
23075.1
11762.3
9327.35
5996.69
20267.9
18465.3
42784.4
2489.14
4882.7
15643.5
1195.97
16492.6
5373.55
19146.4
40359.7
10866.2
9330.96
23994
16592.8
10556.2
17050.7
34865.5
776.819
2981.76
4101.56
9310.29
26148.6
1690.36
2948.58
736.638
5716.77
16528
9975.87
16235.7
8184.98
6947.82
4168.37
5472.33
2064.28
13732
466.859
14578.6
6033.5
20548.8
68914.4
24980.1
10153.2
3501.38
1962.23
7921.55
1576.33
9491.84
14794.4
964.357
18032
399.339
3075.94
17301.7
1436.19
2157.57
10665.5
4199.16
6638.76
5598.94
10977.8
10512
25448
8477.52
18531.5
9720
3662.51
4232.3
7526.46
6331.56
4991.88
6548.84
5907.07
1758.33
1253.83
9202.94
8289.39
12690.6
38144.1
5705.01
2699.03
10092.7
23905.8
2430.05
5549.24
2810.64
2272.33
16962.7
23429.2
926.919
31170.1
6997.39
7491.84
2319.83
5896.01
7209.54
510.161
2894.57
14763.1
6276.57
53366
2589.75
6151.84
15386.4
3277.2
219.814
7737.9
1513.16
13018.5
5482.06
7648.69
7689.06
2340.9
3840.07
12496
3151.57
3626.82
4194.24
16013.8
20445.9
4463.47
2846.54
1341.9
4778.29
531.569
36637
9042.56
5814.37
3663.08
261.682
757.357
40538
5077.7
2171.11
4601.17
244.292
589.237
4570.82
2712.08
156.843
558.432
8128.88
36521.3
840.014
30173.3
6353.93
96.657
6257.39
1648.83
250.95
1240.9
455.954
11316.8
39582.5
24896.6
28995.2
11910.2
31675.8
148599
9267.64
1019.39
41080.9
1032.68
693.191
4193.52
2104.42
1990.73
11967.1
92.3649
88.427
777.273
652.621
128173
17058.7
85.6501
437.665
21.8147
772.709
244.827
6354.47
6594.28
281.921
10793.9
1142.11
1479.19
89.136
1114.86
443.26
932.576
19655.1
1119.8
1087.28
755.687
577.875
415.625
4959.53
267770
488.429
480.475
2192.8
106.245
419.495
26838.3
440.461
396.601
2415.92
163.57
470.225
3650.8
21.9536
7864.32
3212.57
13062.2
128.775
1361.66
13888.1
394.474
358.024
171.65
1812.64
532.909
94.9737
15.1089
539.529
936.458
26167.3
1416.4
3648.27
948.867
2160.75
3880.99
32.8139
3259.9
350.042
1915.05
433.428
71.4085
364.162
114.489
5982.36
464.258
233.087
3629.23
690.712
122.99
653.574
58.9033
6286.32
3374.67
